11-07 16:55:33.760   502   541 D vendor.visteon.skylark.hardware.automotive.vehicle@V1-visteon-service: VIP_TCULOGINFO_ON_CYCLIC::08 04 02 02 01 04 00 00 01 01 00 00 00 00 00 03 01 00 00 00 00 00 00 00 00 00 00 00 00 00 00 00 00 00 00 00 00 00 00 00 00 00 00 00 00 00 00 00 00 00 00 00 00 00 00 00 00 00 00 00 00 00 00 00 00 00 00 00 00 00 00 00 00 00 00 00 00 00 00 00 00 00 00 00 00 00 00 00 00 00 00 00 00 00 00 00 00 00 00 00 
11-07 16:55:34.748   502   541 D vendor.visteon.skylark.hardware.automotive.vehicle@V1-visteon-service: VIP_TCULOGINFO_ON_CYCLIC::08 04 02 02 01 04 00 00 01 01 00 00 00 00 00 03 01 00 00 00 00 00 00 00 00 00 00 00 00 00 00 00 00 00 00 00 00 00 00 00 00 00 00 00 00 00 00 00 00 00 00 00 00 00 00 00 00 00 00 00 00 00 00 00 00 00 00 00 00 00 00 00 00 00 00 00 00 00 00 00 00 00 00 00 00 00 00 00 00 00 00 00 00 00 00 00 00 00 00 00 
11-07 16:55:35.754   502   541 D vendor.visteon.skylark.hardware.automotive.vehicle@V1-visteon-service: VIP_TCULOGINFO_ON_CYCLIC::08 04 02 02 01 04 00 00 01 01 00 00 00 00 00 03 01 00 00 00 00 00 00 00 00 00 00 00 00 00 00 00 00 00 00 00 00 00 00 00 00 00 00 00 00 00 00 00 00 00 00 00 00 00 00 00 00 00 00 00 00 00 00 00 00 00 00 00 00 00 00 00 00 00 00 00 00 00 00 00 00 00 00 00 00 00 00 00 00 00 00 00 00 00 00 00 00 00 00 00 
11-07 16:55:36.757   502   541 D vendor.visteon.skylark.hardware.automotive.vehicle@V1-visteon-service: VIP_TCULOGINFO_ON_CYCLIC::08 04 02 02 01 04 00 00 01 01 00 00 00 00 00 03 01 00 00 00 00 00 00 00 00 00 00 00 00 00 00 00 00 00 00 00 00 00 00 00 00 00 00 00 00 00 00 00 00 00 00 00 00 00 00 00 00 00 00 00 00 00 00 00 00 00 00 00 00 00 00 00 00 00 00 00 00 00 00 00 00 00 00 00 00 00 00 00 00 00 00 00 00 00 00 00 00 00 00 00 
11-07 16:55:37.766   502   541 D vendor.visteon.skylark.hardware.automotive.vehicle@V1-visteon-service: VIP_TCULOGINFO_ON_CYCLIC::08 04 02 02 01 04 00 00 01 01 00 00 00 00 00 03 01 00 00 00 00 00 00 00 00 00 00 00 00 00 00 00 00 00 00 00 00 00 00 00 00 00 00 00 00 00 00 00 00 00 00 00 00 00 00 00 00 00 00 00 00 00 00 00 00 00 00 00 00 00 00 00 00 00 00 00 00 00 00 00 00 00 00 00 00 00 00 00 00 00 00 00 00 00 00 00 00 00 00 00 
11-07 16:55:38.770   502   541 D vendor.visteon.skylark.hardware.automotive.vehicle@V1-visteon-service: VIP_TCULOGINFO_ON_CYCLIC::08 04 02 02 01 04 00 00 01 01 00 00 00 00 00 03 01 00 00 00 00 00 00 00 00 00 00 00 00 00 00 00 00 00 00 00 00 00 00 00 00 00 00 00 00 00 00 00 00 00 00 00 00 00 00 00 00 00 00 00 00 00 00 00 00 00 00 00 00 00 00 00 00 00 00 00 00 00 00 00 00 00 00 00 00 00 00 00 00 00 00 00 00 00 00 00 00 00 00 00 
11-07 16:55:39.772   502   541 D vendor.visteon.skylark.hardware.automotive.vehicle@V1-visteon-service: VIP_TCULOGINFO_ON_CYCLIC::08 04 02 02 01 04 00 00 01 01 00 00 00 00 00 03 01 00 00 00 00 00 00 00 00 00 00 00 00 00 00 00 00 00 00 00 00 00 00 00 00 00 00 00 00 00 00 00 00 00 00 00 00 00 00 00 00 00 00 00 00 00 00 00 00 00 00 00 00 00 00 00 00 00 00 00 00 00 00 00 00 00 00 00 00 00 00 00 00 00 00 00 00 00 00 00 00 00 00 00 
11-07 16:55:40.782   502   541 D vendor.visteon.skylark.hardware.automotive.vehicle@V1-visteon-service: VIP_TCULOGINFO_ON_CYCLIC::08 04 02 02 01 04 00 00 01 01 00 00 00 00 00 03 01 00 00 00 00 00 00 00 00 00 00 00 00 00 00 00 00 00 00 00 00 00 00 00 00 00 00 00 00 00 00 00 00 00 00 00 00 00 00 00 00 00 00 00 00 00 00 00 00 00 00 00 00 00 00 00 00 00 00 00 00 00 00 00 00 00 00 00 00 00 00 00 00 00 00 00 00 00 00 00 00 00 00 00 
11-07 16:55:41.782   502   541 D vendor.visteon.skylark.hardware.automotive.vehicle@V1-visteon-service: VIP_TCULOGINFO_ON_CYCLIC::08 04 02 02 01 04 00 00 01 01 00 00 00 00 00 03 01 00 00 00 00 00 00 00 00 00 00 00 00 00 00 00 00 00 00 00 00 00 00 00 00 00 00 00 00 00 00 00 00 00 00 00 00 00 00 00 00 00 00 00 00 00 00 00 00 00 00 00 00 00 00 00 00 00 00 00 00 00 00 00 00 00 00 00 00 00 00 00 00 00 00 00 00 00 00 00 00 00 00 00 
11-07 16:55:42.787   502   541 D vendor.visteon.skylark.hardware.automotive.vehicle@V1-visteon-service: VIP_TCULOGINFO_ON_CYCLIC::08 04 02 02 01 04 00 00 01 01 00 00 00 00 00 03 01 00 00 00 00 00 00 00 00 00 00 00 00 00 00 00 00 00 00 00 00 00 00 00 00 00 00 00 00 00 00 00 00 00 00 00 00 00 00 00 00 00 00 00 00 00 00 00 00 00 00 00 00 00 00 00 00 00 00 00 00 00 00 00 00 00 00 00 00 00 00 00 00 00 00 00 00 00 00 00 00 00 00 00 
11-07 16:55:43.794   502   541 D vendor.visteon.skylark.hardware.automotive.vehicle@V1-visteon-service: VIP_TCULOGINFO_ON_CYCLIC::08 04 02 02 01 04 00 00 01 01 00 00 00 00 00 03 01 00 00 00 00 00 00 00 00 00 00 00 00 00 00 00 00 00 00 00 00 00 00 00 00 00 00 00 00 00 00 00 00 00 00 00 00 00 00 00 00 00 00 00 00 00 00 00 00 00 00 00 00 00 00 00 00 00 00 00 00 00 00 00 00 00 00 00 00 00 00 00 00 00 00 00 00 00 00 00 00 00 00 00 
11-07 16:55:44.811   502   541 D vendor.visteon.skylark.hardware.automotive.vehicle@V1-visteon-service: VIP_TCULOGINFO_ON_CYCLIC::08 04 02 02 01 04 00 00 01 01 00 00 00 00 00 03 01 00 00 00 00 00 00 00 00 00 00 00 00 00 00 00 00 00 00 00 00 00 00 00 00 00 00 00 00 00 00 00 00 00 00 00 00 00 00 00 00 00 00 00 00 00 00 00 00 00 00 00 00 00 00 00 00 00 00 00 00 00 00 00 00 00 00 00 00 00 00 00 00 00 00 00 00 00 00 00 00 00 00 00 
11-07 16:55:45.803   502   541 D vendor.visteon.skylark.hardware.automotive.vehicle@V1-visteon-service: VIP_TCULOGINFO_ON_CYCLIC::08 04 02 02 01 04 00 00 01 01 00 00 00 00 00 03 01 00 00 00 00 00 00 00 00 00 00 00 00 00 00 00 00 00 00 00 00 00 00 00 00 00 00 00 00 00 00 00 00 00 00 00 00 00 00 00 00 00 00 00 00 00 00 00 00 00 00 00 00 00 00 00 00 00 00 00 00 00 00 00 00 00 00 00 00 00 00 00 00 00 00 00 00 00 00 00 00 00 00 00 
11-07 16:55:46.809   502   541 D vendor.visteon.skylark.hardware.automotive.vehicle@V1-visteon-service: VIP_TCULOGINFO_ON_CYCLIC::08 04 02 02 01 04 00 00 01 01 00 00 00 00 00 03 01 00 00 00 00 00 00 00 00 00 00 00 00 00 00 00 00 00 00 00 00 00 00 00 00 00 00 00 00 00 00 00 00 00 00 00 00 00 00 00 00 00 00 00 00 00 00 00 00 00 00 00 00 00 00 00 00 00 00 00 00 00 00 00 00 00 00 00 00 00 00 00 00 00 00 00 00 00 00 00 00 00 00 00 
11-07 16:55:47.815   502   541 D vendor.visteon.skylark.hardware.automotive.vehicle@V1-visteon-service: VIP_TCULOGINFO_ON_CYCLIC::08 04 02 02 01 04 00 00 01 01 00 00 00 00 00 03 01 00 00 00 00 00 00 00 00 00 00 00 00 00 00 00 00 00 00 00 00 00 00 00 00 00 00 00 00 00 00 00 00 00 00 00 00 00 00 00 00 00 00 00 00 00 00 00 00 00 00 00 00 00 00 00 00 00 00 00 00 00 00 00 00 00 00 00 00 00 00 00 00 00 00 00 00 00 00 00 00 00 00 00 
11-07 16:55:48.818   502   541 D vendor.visteon.skylark.hardware.automotive.vehicle@V1-visteon-service: VIP_TCULOGINFO_ON_CYCLIC::08 04 02 02 01 04 00 00 01 01 00 00 00 00 00 03 01 00 00 00 00 00 00 00 00 00 00 00 00 00 00 00 00 00 00 00 00 00 00 00 00 00 00 00 00 00 00 00 00 00 00 00 00 00 00 00 00 00 00 00 00 00 00 00 00 00 00 00 00 00 00 00 00 00 00 00 00 00 00 00 00 00 00 00 00 00 00 00 00 00 00 00 00 00 00 00 00 00 00 00 
11-07 16:55:49.823   502   541 D vendor.visteon.skylark.hardware.automotive.vehicle@V1-visteon-service: VIP_TCULOGINFO_ON_CYCLIC::08 04 02 02 01 04 00 00 01 01 00 00 00 00 00 03 01 00 00 00 00 00 00 00 00 00 00 00 00 00 00 00 00 00 00 00 00 00 00 00 00 00 00 00 00 00 00 00 00 00 00 00 00 00 00 00 00 00 00 00 00 00 00 00 00 00 00 00 00 00 00 00 00 00 00 00 00 00 00 00 00 00 00 00 00 00 00 00 00 00 00 00 00 00 00 00 00 00 00 00 
11-07 16:55:50.828   502   541 D vendor.visteon.skylark.hardware.automotive.vehicle@V1-visteon-service: VIP_TCULOGINFO_ON_CYCLIC::08 04 02 02 01 04 00 00 01 01 00 00 00 00 00 03 01 00 00 00 00 00 00 00 00 00 00 00 00 00 00 00 00 00 00 00 00 00 00 00 00 00 00 00 00 00 00 00 00 00 00 00 00 00 00 00 00 00 00 00 00 00 00 00 00 00 00 00 00 00 00 00 00 00 00 00 00 00 00 00 00 00 00 00 00 00 00 00 00 00 00 00 00 00 00 00 00 00 00 00 
11-07 16:55:51.833   502   541 D vendor.visteon.skylark.hardware.automotive.vehicle@V1-visteon-service: VIP_TCULOGINFO_ON_CYCLIC::08 04 02 02 01 04 00 00 01 00 00 00 00 00 00 03 01 00 00 00 00 00 00 00 00 00 00 00 00 00 00 00 00 00 00 00 00 00 00 00 00 00 00 00 00 00 00 00 00 00 00 00 00 00 00 00 00 00 00 00 00 00 00 00 00 00 00 00 00 00 00 00 00 00 00 00 00 00 00 00 00 00 00 00 00 00 00 00 00 00 00 00 00 00 00 00 00 00 00 00 
11-07 16:55:52.838   502   541 D vendor.visteon.skylark.hardware.automotive.vehicle@V1-visteon-service: VIP_TCULOGINFO_ON_CYCLIC::08 04 02 02 01 04 00 00 01 00 00 00 00 00 00 03 01 00 00 00 00 00 00 00 00 00 00 00 00 00 00 00 00 00 00 00 00 00 00 00 00 00 00 00 00 00 00 00 00 00 00 00 00 00 00 00 00 00 00 00 00 00 00 00 00 00 00 00 00 00 00 00 00 00 00 00 00 00 00 00 00 00 00 00 00 00 00 00 00 00 00 00 00 00 00 00 00 00 00 00 
11-07 16:55:53.842   502   541 D vendor.visteon.skylark.hardware.automotive.vehicle@V1-visteon-service: VIP_TCULOGINFO_ON_CYCLIC::08 04 02 02 01 04 00 00 01 00 00 00 00 00 00 03 01 00 00 00 00 00 00 00 00 00 00 00 00 00 00 00 00 00 00 00 00 00 00 00 00 00 00 00 00 00 00 00 00 00 00 00 00 00 00 00 00 00 00 00 00 00 00 00 00 00 00 00 00 00 00 00 00 00 00 00 00 00 00 00 00 00 00 00 00 00 00 00 00 00 00 00 00 00 00 00 00 00 00 00 
11-07 16:55:54.849   502   541 D vendor.visteon.skylark.hardware.automotive.vehicle@V1-visteon-service: VIP_TCULOGINFO_ON_CYCLIC::08 04 02 02 01 04 00 00 01 01 00 00 00 00 00 03 01 00 00 00 00 00 00 00 00 00 00 00 00 00 00 00 00 00 00 00 00 00 00 00 00 00 00 00 00 00 00 00 00 00 00 00 00 00 00 00 00 00 00 00 00 00 00 00 00 00 00 00 00 00 00 00 00 00 00 00 00 00 00 00 00 00 00 00 00 00 00 00 00 00 00 00 00 00 00 00 00 00 00 00 
11-07 16:55:55.855   502   541 D vendor.visteon.skylark.hardware.automotive.vehicle@V1-visteon-service: VIP_TCULOGINFO_ON_CYCLIC::08 04 02 02 01 04 00 00 01 01 00 00 00 00 00 03 01 00 00 00 00 00 00 00 00 00 00 00 00 00 00 00 00 00 00 00 00 00 00 00 00 00 00 00 00 00 00 00 00 00 00 00 00 00 00 00 00 00 00 00 00 00 00 00 00 00 00 00 00 00 00 00 00 00 00 00 00 00 00 00 00 00 00 00 00 00 00 00 00 00 00 00 00 00 00 00 00 00 00 00 
11-07 16:55:56.857   502   541 D vendor.visteon.skylark.hardware.automotive.vehicle@V1-visteon-service: VIP_TCULOGINFO_ON_CYCLIC::08 04 02 02 01 04 00 00 01 01 00 00 00 00 00 03 01 00 00 00 00 00 00 00 00 00 00 00 00 00 00 00 00 00 00 00 00 00 00 00 00 00 00 00 00 00 00 00 00 00 00 00 00 00 00 00 00 00 00 00 00 00 00 00 00 00 00 00 00 00 00 00 00 00 00 00 00 00 00 00 00 00 00 00 00 00 00 00 00 00 00 00 00 00 00 00 00 00 00 00 
11-07 16:55:57.859   502   541 D vendor.visteon.skylark.hardware.automotive.vehicle@V1-visteon-service: VIP_TCULOGINFO_ON_CYCLIC::08 04 02 02 01 04 00 00 01 01 00 00 00 00 00 03 01 00 00 00 00 00 00 00 00 00 00 00 00 00 00 00 00 00 00 00 00 00 00 00 00 00 00 00 00 00 00 00 00 00 00 00 00 00 00 00 00 00 00 00 00 00 00 00 00 00 00 00 00 00 00 00 00 00 00 00 00 00 00 00 00 00 00 00 00 00 00 00 00 00 00 00 00 00 00 00 00 00 00 00 
11-07 16:55:58.865   502   541 D vendor.visteon.skylark.hardware.automotive.vehicle@V1-visteon-service: VIP_TCULOGINFO_ON_CYCLIC::08 04 02 02 01 04 00 00 01 01 00 00 00 00 00 03 01 00 00 00 00 00 00 00 00 00 00 00 00 00 00 00 00 00 00 00 00 00 00 00 00 00 00 00 00 00 00 00 00 00 00 00 00 00 00 00 00 00 00 00 00 00 00 00 00 00 00 00 00 00 00 00 00 00 00 00 00 00 00 00 00 00 00 00 00 00 00 00 00 00 00 00 00 00 00 00 00 00 00 00 
11-07 16:55:59.876   502   541 D vendor.visteon.skylark.hardware.automotive.vehicle@V1-visteon-service: VIP_TCULOGINFO_ON_CYCLIC::08 04 02 02 01 04 00 00 01 01 00 00 00 00 00 03 01 00 00 00 00 00 00 00 00 00 00 00 00 00 00 00 00 00 00 00 00 00 00 00 00 00 00 00 00 00 00 00 00 00 00 00 00 00 00 00 00 00 00 00 00 00 00 00 00 00 00 00 00 00 00 00 00 00 00 00 00 00 00 00 00 00 00 00 00 00 00 00 00 00 00 00 00 00 00 00 00 00 00 00 
11-07 16:56:00.878   502   541 D vendor.visteon.skylark.hardware.automotive.vehicle@V1-visteon-service: VIP_TCULOGINFO_ON_CYCLIC::08 04 02 02 01 04 00 00 01 01 00 00 00 00 00 03 01 00 00 00 00 00 00 00 00 00 00 00 00 00 00 00 00 00 00 00 00 00 00 00 00 00 00 00 00 00 00 00 00 00 00 00 00 00 00 00 00 00 00 00 00 00 00 00 00 00 00 00 00 00 00 00 00 00 00 00 00 00 00 00 00 00 00 00 00 00 00 00 00 00 00 00 00 00 00 00 00 00 00 00 
11-07 16:56:01.882   502   541 D vendor.visteon.skylark.hardware.automotive.vehicle@V1-visteon-service: VIP_TCULOGINFO_ON_CYCLIC::08 04 02 02 01 04 00 00 01 01 00 00 00 00 00 03 01 00 00 00 00 00 00 00 00 00 00 00 00 00 00 00 00 00 00 00 00 00 00 00 00 00 00 00 00 00 00 00 00 00 00 00 00 00 00 00 00 00 00 00 00 00 00 00 00 00 00 00 00 00 00 00 00 00 00 00 00 00 00 00 00 00 00 00 00 00 00 00 00 00 00 00 00 00 00 00 00 00 00 00 
11-07 16:56:02.889   502   541 D vendor.visteon.skylark.hardware.automotive.vehicle@V1-visteon-service: VIP_TCULOGINFO_ON_CYCLIC::08 04 02 02 01 04 00 00 01 01 00 00 00 00 00 03 01 00 00 00 00 00 00 00 00 00 00 00 00 00 00 00 00 00 00 00 00 00 00 00 00 00 00 00 00 00 00 00 00 00 00 00 00 00 00 00 00 00 00 00 00 00 00 00 00 00 00 00 00 00 00 00 00 00 00 00 00 00 00 00 00 00 00 00 00 00 00 00 00 00 00 00 00 00 00 00 00 00 00 00 
11-07 16:56:03.896   502   541 D vendor.visteon.skylark.hardware.automotive.vehicle@V1-visteon-service: VIP_TCULOGINFO_ON_CYCLIC::08 04 02 02 01 04 00 00 01 01 00 00 00 00 00 03 01 00 00 00 00 00 00 00 00 00 00 00 00 00 00 00 00 00 00 00 00 00 00 00 00 00 00 00 00 00 00 00 00 00 00 00 00 00 00 00 00 00 00 00 00 00 00 00 00 00 00 00 00 00 00 00 00 00 00 00 00 00 00 00 00 00 00 00 00 00 00 00 00 00 00 00 00 00 00 00 00 00 00 00 
11-07 16:56:04.895   502   541 D vendor.visteon.skylark.hardware.automotive.vehicle@V1-visteon-service: VIP_TCULOGINFO_ON_CYCLIC::08 04 02 02 01 04 00 00 01 01 00 00 00 00 00 03 01 00 00 00 00 00 00 00 00 00 00 00 00 00 00 00 00 00 00 00 00 00 00 00 00 00 00 00 00 00 00 00 00 00 00 00 00 00 00 00 00 00 00 00 00 00 00 00 00 00 00 00 00 00 00 00 00 00 00 00 00 00 00 00 00 00 00 00 00 00 00 00 00 00 00 00 00 00 00 00 00 00 00 00 
11-07 16:56:05.901   502   541 D vendor.visteon.skylark.hardware.automotive.vehicle@V1-visteon-service: VIP_TCULOGINFO_ON_CYCLIC::08 04 02 02 01 04 00 00 01 01 00 00 00 00 00 03 01 00 00 00 00 00 00 00 00 00 00 00 00 00 00 00 00 00 00 00 00 00 00 00 00 00 00 00 00 00 00 00 00 00 00 00 00 00 00 00 00 00 00 00 00 00 00 00 00 00 00 00 00 00 00 00 00 00 00 00 00 00 00 00 00 00 00 00 00 00 00 00 00 00 00 00 00 00 00 00 00 00 00 00 
11-07 16:56:06.907   502   541 D vendor.visteon.skylark.hardware.automotive.vehicle@V1-visteon-service: VIP_TCULOGINFO_ON_CYCLIC::08 04 02 02 01 04 00 00 01 01 00 00 00 00 00 03 01 00 00 00 00 00 00 00 00 00 00 00 00 00 00 00 00 00 00 00 00 00 00 00 00 00 00 00 00 00 00 00 00 00 00 00 00 00 00 00 00 00 00 00 00 00 00 00 00 00 00 00 00 00 00 00 00 00 00 00 00 00 00 00 00 00 00 00 00 00 00 00 00 00 00 00 00 00 00 00 00 00 00 00 
11-07 16:56:07.905   502   541 D vendor.visteon.skylark.hardware.automotive.vehicle@V1-visteon-service: VIP_TCULOGINFO_ON_CYCLIC::08 04 02 02 01 04 00 00 01 01 00 00 00 00 00 03 01 00 00 00 00 00 00 00 00 00 00 00 00 00 00 00 00 00 00 00 00 00 00 00 00 00 00 00 00 00 00 00 00 00 00 00 00 00 00 00 00 00 00 00 00 00 00 00 00 00 00 00 00 00 00 00 00 00 00 00 00 00 00 00 00 00 00 00 00 00 00 00 00 00 00 00 00 00 00 00 00 00 00 00 
11-07 16:56:08.918   502   541 D vendor.visteon.skylark.hardware.automotive.vehicle@V1-visteon-service: VIP_TCULOGINFO_ON_CYCLIC::08 04 02 02 01 04 00 00 01 01 00 00 00 00 00 03 01 00 00 00 00 00 00 00 00 00 00 00 00 00 00 00 00 00 00 00 00 00 00 00 00 00 00 00 00 00 00 00 00 00 00 00 00 00 00 00 00 00 00 00 00 00 00 00 00 00 00 00 00 00 00 00 00 00 00 00 00 00 00 00 00 00 00 00 00 00 00 00 00 00 00 00 00 00 00 00 00 00 00 00 
11-07 16:56:09.930   502   541 D vendor.visteon.skylark.hardware.automotive.vehicle@V1-visteon-service: VIP_TCULOGINFO_ON_CYCLIC::08 04 02 02 01 04 00 00 01 01 00 00 00 00 00 03 01 00 00 00 00 00 00 00 00 00 00 00 00 00 00 00 00 00 00 00 00 00 00 00 00 00 00 00 00 00 00 00 00 00 00 00 00 00 00 00 00 00 00 00 00 00 00 00 00 00 00 00 00 00 00 00 00 00 00 00 00 00 00 00 00 00 00 00 00 00 00 00 00 00 00 00 00 00 00 00 00 00 00 00 
11-07 16:56:10.924   502   541 D vendor.visteon.skylark.hardware.automotive.vehicle@V1-visteon-service: VIP_TCULOGINFO_ON_CYCLIC::08 04 02 02 01 04 00 00 01 01 00 00 00 00 00 03 01 00 00 00 00 00 00 00 00 00 00 00 00 00 00 00 00 00 00 00 00 00 00 00 00 00 00 00 00 00 00 00 00 00 00 00 00 00 00 00 00 00 00 00 00 00 00 00 00 00 00 00 00 00 00 00 00 00 00 00 00 00 00 00 00 00 00 00 00 00 00 00 00 00 00 00 00 00 00 00 00 00 00 00 
11-07 16:56:11.926   502   541 D vendor.visteon.skylark.hardware.automotive.vehicle@V1-visteon-service: VIP_TCULOGINFO_ON_CYCLIC::08 04 02 02 01 04 00 00 01 01 00 00 00 00 00 03 01 00 00 00 00 00 00 00 00 00 00 00 00 00 00 00 00 00 00 00 00 00 00 00 00 00 00 00 00 00 00 00 00 00 00 00 00 00 00 00 00 00 00 00 00 00 00 00 00 00 00 00 00 00 00 00 00 00 00 00 00 00 00 00 00 00 00 00 00 00 00 00 00 00 00 00 00 00 00 00 00 00 00 00 
11-07 16:56:12.931   502   541 D vendor.visteon.skylark.hardware.automotive.vehicle@V1-visteon-service: VIP_TCULOGINFO_ON_CYCLIC::08 04 02 02 01 04 00 00 01 01 00 00 00 00 00 03 01 00 00 00 00 00 00 00 00 00 00 00 00 00 00 00 00 00 00 00 00 00 00 00 00 00 00 00 00 00 00 00 00 00 00 00 00 00 00 00 00 00 00 00 00 00 00 00 00 00 00 00 00 00 00 00 00 00 00 00 00 00 00 00 00 00 00 00 00 00 00 00 00 00 00 00 00 00 00 00 00 00 00 00 
11-07 16:56:13.947   502   541 D vendor.visteon.skylark.hardware.automotive.vehicle@V1-visteon-service: VIP_TCULOGINFO_ON_CYCLIC::08 04 02 02 01 04 00 00 01 01 00 00 00 00 00 03 01 00 00 00 00 00 00 00 00 00 00 00 00 00 00 00 00 00 00 00 00 00 00 00 00 00 00 00 00 00 00 00 00 00 00 00 00 00 00 00 00 00 00 00 00 00 00 00 00 00 00 00 00 00 00 00 00 00 00 00 00 00 00 00 00 00 00 00 00 00 00 00 00 00 00 00 00 00 00 00 00 00 00 00 
11-07 16:56:14.947   502   541 D vendor.visteon.skylark.hardware.automotive.vehicle@V1-visteon-service: VIP_TCULOGINFO_ON_CYCLIC::08 04 02 02 01 04 00 00 01 01 00 00 00 00 00 03 01 00 00 00 00 00 00 00 00 00 00 00 00 00 00 00 00 00 00 00 00 00 00 00 00 00 00 00 00 00 00 00 00 00 00 00 00 00 00 00 00 00 00 00 00 00 00 00 00 00 00 00 00 00 00 00 00 00 00 00 00 00 00 00 00 00 00 00 00 00 00 00 00 00 00 00 00 00 00 00 00 00 00 00 
11-07 16:56:15.947   502   541 D vendor.visteon.skylark.hardware.automotive.vehicle@V1-visteon-service: VIP_TCULOGINFO_ON_CYCLIC::08 04 02 02 01 04 00 00 01 01 00 00 00 00 00 03 01 00 00 00 00 00 00 00 00 00 00 00 00 00 00 00 00 00 00 00 00 00 00 00 00 00 00 00 00 00 00 00 00 00 00 00 00 00 00 00 00 00 00 00 00 00 00 00 00 00 00 00 00 00 00 00 00 00 00 00 00 00 00 00 00 00 00 00 00 00 00 00 00 00 00 00 00 00 00 00 00 00 00 00 
11-07 16:56:16.953   502   541 D vendor.visteon.skylark.hardware.automotive.vehicle@V1-visteon-service: VIP_TCULOGINFO_ON_CYCLIC::08 04 02 02 01 04 00 00 01 01 00 00 00 00 00 03 01 00 00 00 00 00 00 00 00 00 00 00 00 00 00 00 00 00 00 00 00 00 00 00 00 00 00 00 00 00 00 00 00 00 00 00 00 00 00 00 00 00 00 00 00 00 00 00 00 00 00 00 00 00 00 00 00 00 00 00 00 00 00 00 00 00 00 00 00 00 00 00 00 00 00 00 00 00 00 00 00 00 00 00 
11-07 16:56:17.954   502   541 D vendor.visteon.skylark.hardware.automotive.vehicle@V1-visteon-service: VIP_TCULOGINFO_ON_CYCLIC::08 04 02 02 01 04 00 00 01 01 00 00 00 00 00 03 01 00 00 00 00 00 00 00 00 00 00 00 00 00 00 00 00 00 00 00 00 00 00 00 00 00 00 00 00 00 00 00 00 00 00 00 00 00 00 00 00 00 00 00 00 00 00 00 00 00 00 00 00 00 00 00 00 00 00 00 00 00 00 00 00 00 00 00 00 00 00 00 00 00 00 00 00 00 00 00 00 00 00 00 
11-07 16:56:18.963   502   541 D vendor.visteon.skylark.hardware.automotive.vehicle@V1-visteon-service: VIP_TCULOGINFO_ON_CYCLIC::08 04 02 02 01 04 00 00 01 01 00 00 00 00 00 03 01 00 00 00 00 00 00 00 00 00 00 00 00 00 00 00 00 00 00 00 00 00 00 00 00 00 00 00 00 00 00 00 00 00 00 00 00 00 00 00 00 00 00 00 00 00 00 00 00 00 00 00 00 00 00 00 00 00 00 00 00 00 00 00 00 00 00 00 00 00 00 00 00 00 00 00 00 00 00 00 00 00 00 00 
11-07 16:56:19.968   502   541 D vendor.visteon.skylark.hardware.automotive.vehicle@V1-visteon-service: VIP_TCULOGINFO_ON_CYCLIC::08 04 02 02 01 04 00 00 01 01 00 00 00 00 00 03 01 00 00 00 00 00 00 00 00 00 00 00 00 00 00 00 00 00 00 00 00 00 00 00 00 00 00 00 00 00 00 00 00 00 00 00 00 00 00 00 00 00 00 00 00 00 00 00 00 00 00 00 00 00 00 00 00 00 00 00 00 00 00 00 00 00 00 00 00 00 00 00 00 00 00 00 00 00 00 00 00 00 00 00 
11-07 16:56:20.974   502   541 D vendor.visteon.skylark.hardware.automotive.vehicle@V1-visteon-service: VIP_TCULOGINFO_ON_CYCLIC::08 04 02 02 01 04 00 00 01 01 00 00 00 00 00 03 01 00 00 00 00 00 00 00 00 00 00 00 00 00 00 00 00 00 00 00 00 00 00 00 00 00 00 00 00 00 00 00 00 00 00 00 00 00 00 00 00 00 00 00 00 00 00 00 00 00 00 00 00 00 00 00 00 00 00 00 00 00 00 00 00 00 00 00 00 00 00 00 00 00 00 00 00 00 00 00 00 00 00 00 
11-07 16:56:21.974   502   541 D vendor.visteon.skylark.hardware.automotive.vehicle@V1-visteon-service: VIP_TCULOGINFO_ON_CYCLIC::08 04 02 02 01 04 00 00 01 01 00 00 00 00 00 03 01 00 00 00 00 00 00 00 00 00 00 00 00 00 00 00 00 00 00 00 00 00 00 00 00 00 00 00 00 00 00 00 00 00 00 00 00 00 00 00 00 00 00 00 00 00 00 00 00 00 00 00 00 00 00 00 00 00 00 00 00 00 00 00 00 00 00 00 00 00 00 00 00 00 00 00 00 00 00 00 00 00 00 00 
11-07 16:56:22.982   502   541 D vendor.visteon.skylark.hardware.automotive.vehicle@V1-visteon-service: VIP_TCULOGINFO_ON_CYCLIC::08 04 02 02 01 04 00 00 01 01 00 00 00 00 00 03 01 00 00 00 00 00 00 00 00 00 00 00 00 00 00 00 00 00 00 00 00 00 00 00 00 00 00 00 00 00 00 00 00 00 00 00 00 00 00 00 00 00 00 00 00 00 00 00 00 00 00 00 00 00 00 00 00 00 00 00 00 00 00 00 00 00 00 00 00 00 00 00 00 00 00 00 00 00 00 00 00 00 00 00 
11-07 16:56:23.985   502   541 D vendor.visteon.skylark.hardware.automotive.vehicle@V1-visteon-service: VIP_TCULOGINFO_ON_CYCLIC::08 04 02 02 01 04 00 00 01 01 00 00 00 00 00 03 01 00 00 00 00 00 00 00 00 00 00 00 00 00 00 00 00 00 00 00 00 00 00 00 00 00 00 00 00 00 00 00 00 00 00 00 00 00 00 00 00 00 00 00 00 00 00 00 00 00 00 00 00 00 00 00 00 00 00 00 00 00 00 00 00 00 00 00 00 00 00 00 00 00 00 00 00 00 00 00 00 00 00 00 
11-07 16:56:24.992   502   541 D vendor.visteon.skylark.hardware.automotive.vehicle@V1-visteon-service: VIP_TCULOGINFO_ON_CYCLIC::08 04 02 02 01 04 00 00 01 01 00 00 00 00 00 03 01 00 00 00 00 00 00 00 00 00 00 00 00 00 00 00 00 00 00 00 00 00 00 00 00 00 00 00 00 00 00 00 00 00 00 00 00 00 00 00 00 00 00 00 00 00 00 00 00 00 00 00 00 00 00 00 00 00 00 00 00 00 00 00 00 00 00 00 00 00 00 00 00 00 00 00 00 00 00 00 00 00 00 00 
11-07 16:56:25.993   502   541 D vendor.visteon.skylark.hardware.automotive.vehicle@V1-visteon-service: VIP_TCULOGINFO_ON_CYCLIC::08 04 02 02 01 04 00 00 01 01 00 00 00 00 00 03 01 00 00 00 00 00 00 00 00 00 00 00 00 00 00 00 00 00 00 00 00 00 00 00 00 00 00 00 00 00 00 00 00 00 00 00 00 00 00 00 00 00 00 00 00 00 00 00 00 00 00 00 00 00 00 00 00 00 00 00 00 00 00 00 00 00 00 00 00 00 00 00 00 00 00 00 00 00 00 00 00 00 00 00 
11-07 16:56:27.006   502   541 D vendor.visteon.skylark.hardware.automotive.vehicle@V1-visteon-service: VIP_TCULOGINFO_ON_CYCLIC::08 04 02 02 01 04 00 00 01 01 00 00 00 00 00 03 01 00 00 00 00 00 00 00 00 00 00 00 00 00 00 00 00 00 00 00 00 00 00 00 00 00 00 00 00 00 00 00 00 00 00 00 00 00 00 00 00 00 00 00 00 00 00 00 00 00 00 00 00 00 00 00 00 00 00 00 00 00 00 00 00 00 00 00 00 00 00 00 00 00 00 00 00 00 00 00 00 00 00 00 
11-07 16:56:28.012   502   541 D vendor.visteon.skylark.hardware.automotive.vehicle@V1-visteon-service: VIP_TCULOGINFO_ON_CYCLIC::08 04 02 02 01 04 00 00 01 01 00 00 00 00 00 03 01 00 00 00 00 00 00 00 00 00 00 00 00 00 00 00 00 00 00 00 00 00 00 00 00 00 00 00 00 00 00 00 00 00 00 00 00 00 00 00 00 00 00 00 00 00 00 00 00 00 00 00 00 00 00 00 00 00 00 00 00 00 00 00 00 00 00 00 00 00 00 00 00 00 00 00 00 00 00 00 00 00 00 00 
11-07 16:56:29.017   502   541 D vendor.visteon.skylark.hardware.automotive.vehicle@V1-visteon-service: VIP_TCULOGINFO_ON_CYCLIC::0d 01 02 02 01 04 00 00 00 00 00 00 00 00 00 03 01 00 00 00 00 00 00 00 00 00 00 00 00 00 00 00 00 00 00 00 00 00 00 00 00 00 00 00 00 00 00 00 00 00 00 00 00 00 00 00 00 00 00 00 00 00 00 00 00 00 00 00 00 00 00 00 00 00 00 00 00 00 00 00 00 00 00 00 00 00 00 00 00 00 00 00 00 00 00 00 00 00 00 00 
11-07 16:56:30.015   502   541 D vendor.visteon.skylark.hardware.automotive.vehicle@V1-visteon-service: VIP_TCULOGINFO_ON_CYCLIC::0d 01 02 00 01 04 00 00 00 00 00 00 00 00 01 03 01 00 00 00 00 00 00 00 00 00 00 00 00 00 00 00 00 00 00 00 00 00 00 00 00 00 00 00 00 00 00 00 00 00 00 00 00 00 00 00 00 00 00 00 00 00 00 00 00 00 00 00 00 00 00 00 00 00 00 00 00 00 00 00 00 00 00 00 00 00 00 00 00 00 00 00 00 00 00 00 00 00 00 00 
11-07 16: